360
180
4
2

90	60	45	30
4	6	8	12

13960182.18
31420344.40

8000

200	244	282	346
300	366	423	519

3000	0
2954.42	520.94
2819.08	1026.06
2598.08	1500
2298.13	1928.36
1928.36	2298.13
1500	2598.08
1026.06	2819.08
520.94	2954.42
0	3000
-520.94	2954.42
-1026.06	2819.08
-1500	2598.08
-1928.36	2298.13
-2298.13	1928.36
-2598.08	1500
-2819.08	1026.06
-2954.42	520.94
-3000	0
-2954.42	-520.94
-2819.08	-1026.06
-2598.08	-1500
-2298.13	-1928.36
-1928.36	-2298.13
-1500	-2598.08
-1026.06	-2819.08
-520.94	-2954.42
0	-3000
520.94	-2954.42
1026.06	-2819.08
1500	-2598.08
1928.36	-2298.13
2298.13	-1928.36
2598.08	-1500
2819.08	-1026.06
2954.42	-520.94
6000	0
5908.85	1041.89
5638.16	2052.12
5196.15	3000
4596.27	3856.73
3856.73	4596.27
3000	5196.15
2052.12	5638.16
1041.89	5908.85
0	6000
-1041.89	5908.85
-2052.12	5638.16
-3000	5196.15
-3856.73	4596.27
-4596.27	3856.73
-5196.15	3000
-5638.16	2052.12
-5908.85	1041.89
-6000	0
-5908.85	-1041.89
-5638.16	-2052.12
-5196.15	-3000
-4596.27	-3856.73
-3856.73	-4596.27
-3000	-5196.15
-2052.12	-5638.16
-1041.89	-5908.85
0	-6000
1041.89	-5908.85
2052.12	-5638.16
3000	-5196.15
3856.73	-4596.27
4596.27	-3856.72
5196.15	-3000
5638.16	-2052.12
5908.85	-1041.89
9000	0
8863.27	1562.83
8457.23	3078.18
7794.23	4500
6894.4	5785.09
5785.09	6894.4
4500	7794.23
3078.18	8457.23
1562.83	8863.27
0	9000
-1562.83	8863.27
-3078.18	8457.23
-4500	7794.23
-5785.09	6894.4
-6894.4	5785.09
-7794.23	4500
-8457.23	3078.18
-8863.27	1562.83
-9000	0
-8863.27	-1562.83
-8457.23	-3078.18
-7794.23	-4500
-6894.4	-5785.09
-5785.09	-6894.4
-4500	-7794.23
-3078.18	-8457.23
-1562.83	-8863.27
0	-9000
1562.83	-8863.27
3078.18	-8457.23
4500	-7794.23
5785.09	-6894.4
6894.4	-5785.09
7794.23	-4500
8457.23	-3078.18
8863.27	-1562.83
12000	0
11817.69	2083.78
11276.31	4104.24
10392.3	6000
9192.53	7713.45
7713.45	9192.53
6000	10392.3
4104.24	11276.31
2083.78	11817.69
0	12000
-2083.78	11817.69
-4104.24	11276.31
-6000	10392.3
-7713.45	9192.53
-9192.53	7713.45
-10392.3	6000
-11276.31	4104.24
-11817.69	2083.78
-12000	0
-11817.69	-2083.78
-11276.31	-4104.24
-10392.3	-6000
-9192.53	-7713.45
-7713.45	-9192.53
-6000	-10392.31
-4104.24	-11276.31
-2083.78	-11817.69
0	-12000
2083.78	-11817.69
4104.24	-11276.31
6000	-10392.3
7713.45	-9192.53
9192.53	-7713.45
10392.31	-6000
11276.31	-4104.24
11817.69	-2083.78
15000	0
14772.12	2604.72
14095.39	5130.3
12990.38	7500
11490.67	9641.81
9641.81	11490.67
7500	12990.38
5130.3	14095.39
2604.72	14772.12
0	15000
-2604.72	14772.12
-5130.3	14095.39
-7500	12990.38
-9641.82	11490.67
-11490.67	9641.81
-12990.38	7500
-14095.39	5130.3
-14772.12	2604.72
-15000	0
-14772.12	-2604.72
-14095.39	-5130.3
-12990.38	-7500
-11490.67	-9641.82
-9641.81	-11490.67
-7500	-12990.38
-5130.3	-14095.39
-2604.72	-14772.12
0	-15000
2604.72	-14772.12
5130.3	-14095.39
7500	-12990.38
9641.82	-11490.67
11490.67	-9641.81
12990.38	-7500
14095.39	-5130.3
14772.12	-2604.72
18000	0
17726.54	3125.67
16914.47	6156.36
15588.46	9000
13788.8	11570.18
11570.18	13788.8
9000	15588.46
6156.36	16914.47
3125.67	17726.54
0	18000
-3125.67	17726.54
-6156.36	16914.47
-9000	15588.46
-11570.18	13788.8
-13788.8	11570.18
-15588.46	9000
-16914.47	6156.36
-17726.54	3125.67
-18000	0
-17726.54	-3125.67
-16914.47	-6156.36
-15588.46	-9000
-13788.8	-11570.18
-11570.18	-13788.8
-9000	-15588.46
-6156.36	-16914.47
-3125.66	-17726.54
0	-18000
3125.67	-17726.54
6156.36	-16914.47
9000	-15588.46
11570.18	-13788.8
13788.8	-11570.18
15588.46	-9000
16914.47	-6156.36
17726.54	-3125.66
21000	0
20680.96	3646.61
19733.54	7182.42
18186.53	10500
16086.93	13498.54
13498.54	16086.93
10500	18186.53
7182.42	19733.54
3646.61	20680.96
0	21000
-3646.61	20680.96
-7182.42	19733.54
-10500	18186.53
-13498.54	16086.93
-16086.93	13498.54
-18186.53	10500
-19733.54	7182.42
-20680.96	3646.61
-21000	0
-20680.96	-3646.61
-19733.54	-7182.42
-18186.53	-10500
-16086.93	-13498.54
-13498.54	-16086.94
-10500	-18186.53
-7182.42	-19733.55
-3646.61	-20680.96
0	-21000
3646.61	-20680.96
7182.43	-19733.54
10500	-18186.53
13498.54	-16086.93
16086.94	-13498.54
18186.54	-10500
19733.55	-7182.42
20680.96	-3646.61
24000	0
23635.39	4167.56
22552.62	8208.48
20784.61	12000
18385.07	15426.9
15426.9	18385.07
12000	20784.61
8208.48	22552.62
4167.56	23635.39
0	24000
-4167.56	23635.39
-8208.48	22552.62
-12000	20784.61
-15426.9	18385.07
-18385.07	15426.9
-20784.61	12000
-22552.62	8208.48
-23635.39	4167.55
-24000	0
-23635.39	-4167.56
-22552.62	-8208.49
-20784.61	-12000
-18385.06	-15426.9
-15426.9	-18385.07
-12000	-20784.61
-8208.48	-22552.62
-4167.55	-23635.39
0	-24000
4167.56	-23635.39
8208.49	-22552.62
12000	-20784.61
15426.91	-18385.06
18385.07	-15426.9
20784.61	-12000
22552.62	-8208.48
23635.39	-4167.55
27000	0
26589.81	4688.5
25371.7	9234.54
23382.69	13500
20683.2	17355.27
17355.26	20683.2
13500	23382.69
9234.54	25371.7
4688.5	26589.81
0	27000
-4688.5	26589.81
-9234.55	25371.7
-13500	23382.69
-17355.27	20683.2
-20683.2	17355.26
-23382.69	13500
-25371.7	9234.54
-26589.81	4688.5
-27000	0
-26589.81	-4688.5
-25371.7	-9234.55
-23382.68	-13500
-20683.2	-17355.27
-17355.26	-20683.2
-13500	-23382.69
-9234.54	-25371.7
-4688.5	-26589.81
0	-27000
4688.5	-26589.81
9234.55	-25371.7
13500	-23382.68
17355.27	-20683.2
20683.2	-17355.26
23382.69	-13500
25371.7	-9234.54
26589.81	-4688.5
30000	0
29544.23	5209.45
28190.78	10260.6
25980.76	15000
22981.33	19283.63
19283.63	22981.33
15000	25980.76
10260.6	28190.78
5209.44	29544.23
0	30000
-5209.45	29544.23
-10260.61	28190.78
-15000	25980.76
-19283.63	22981.33
-22981.33	19283.63
-25980.76	15000
-28190.78	10260.6
-29544.23	5209.44
-30000	0
-29544.23	-5209.45
-28190.78	-10260.61
-25980.76	-15000
-22981.33	-19283.63
-19283.63	-22981.34
-15000	-25980.76
-10260.6	-28190.78
-5209.44	-29544.23
0	-30000
5209.45	-29544.23
10260.61	-28190.78
15000	-25980.76
19283.63	-22981.33
22981.34	-19283.62
25980.76	-15000
28190.78	-10260.6
29544.23	-5209.44

4975.32	29746.49
-5291.54	29915.15
-15748.14	-7610.55
16464.93	-18847.17
-4659.09	-25129.57
-18615.27	17856.33
5502.36	-20407.23
-5776.43	-21566.73
23906.82	1686.55
23970.06	7167.83
-8727.89	7694.88
2888.21	-1707.63
-25551.2	-24180.88
2909.3	-5945.08
9001.95	15916.8
-126.49	18003.9
-4890.99	801.11
-4132.04	2993.62
11573.94	10857.15
16738.99	-21777.55
6092.65	-15052.44
17181.71	-18214.72
1644.38	-27322.08
10119.29	25993.92
-21882.96	-20386.15
-6345.64	-1876.28
21904.04	10625.25
-23864.66	16717.91
11447.45	18172.56
5902.92	-16127.62
-11700.43	16612.5
-9128.44	-23105.71
29050.79	-8179.76
-11342.04	25403.63
17350.36	-7737.04
23674.92	-17519.02
-24581.44	-26120.41
-6577.54	18467.7
-19437.47	20027.76
-22894.89	18594.19
-21208.34	11067.97
6451.05	-9929.55
-5776.43	-24581.44
13197.24	-26921.52
-6387.8	6619.7
5649.94	-29092.95
23864.66	-27111.26
-17455.77	-6176.98
-1791.96	-15368.67
-17645.51	-29367.02
-22431.09	11173.38
23569.51	9676.57
22831.64	18615.27
17708.75	10203.62
28523.74	26499.89
1264.91	-548.13
-5902.92	-23042.46
-26478.8	-6071.57
-1096.26	8221.92
25804.19	8285.17
6999.17	-28945.38
26858.28	28207.52
-18277.96	-10224.7
-3394.18	-28502.66
18762.85	15705.98
11447.45	-2445.49
-22662.99	6008.33
17139.54	-84.33
23421.94	-16928.73
-9697.65	-15853.55
8285.17	13850.78
29092.95	27743.72
10266.86	15495.16
16696.83	26415.56
758.95	-29746.49
-27659.39	25993.92
-22852.73	20280.74
-18109.31	-25445.79
-19353.14	-12817.77
26436.64	-4216.37
-25466.88	-19606.12
24707.93	-10309.03
-4954.24	-5987.25
969.77	23611.67
20428.31	-29809.74
-24075.47	19163.4
-7294.32	-15031.36
-18003.9	-25993.92
-9107.36	-28102.11
-10899.32	-7294.32
22388.93	7990.02
-24876.58	-23927.9
15642.73	26078.25
-24265.21	16907.64
16949.81	-4975.32
25719.86	7779.2
27111.26	-12480.46
-8306.25	-2972.54
5186.14	22178.11
-15748.14	527.05
-19627.2	-6978.09
-20449.4	19669.37
-8116.51	-2150.35
27511.82	-23885.74
-28165.35	-23611.67
28355.09	1517.89
-5881.84	-7505.14
5038.56	3309.85
-22768.4	26078.25
-3267.69	28734.56
16865.48	-24981.99
27596.14	-24307.37
18214.72	20449.4
15642.73	12290.72
-1033.01	24433.87
-2487.66	29894.06
25993.92	-948.68
-12185.31	-18383.37
-6092.65	10836.07
-8580.31	9107.36
-12185.31	13281.57
-7062.42	7589.47
10351.19	-21988.37
-16464.93	19205.57
5586.69	9423.59
-14757.3	17013.05
24349.54	674.62
-11405.28	24771.18
2529.82	4701.25
25003.08	26394.48
16907.64	9107.36
25045.24	29092.95
-4638.01	27153.42
24665.77	-13091.83
8959.79	-16022.21
-28102.11	-3330.93
29598.92	-28523.74
-5502.36	-19437.47
-4258.53	-24117.64
-2803.89	17034.14
-9360.34	21735.39
4869.91	28017.78
-6893.77	-22810.56
22684.07	-15579.49
-19669.37	6725.11
19353.14	4469.35
-5776.43	6640.78
-3077.95	15010.28
25846.35	-11552.85
29114.04	-25403.63
7294.32	12269.64
1813.04	-6935.93
-11869.08	6071.57
-14820.54	-20154.25
-20280.74	-12986.42
14546.48	-2824.97
25783.1	5966.16
11046.89	-5713.18
-11510.69	22346.76
21334.83	-19015.83
-26415.56	3541.75
2529.82	-17055.22
-21524.57	-5881.84
19057.99	-2888.21
-1285.99	-23168.95
-3373.1	-9001.95
-4511.52	11236.63
8327.33	8390.58
28776.73	-20828.87
-15537.32	18699.6
23042.46	548.13
-1412.48	-13386.98
23717.08	19479.63
26626.38	-23759.25
4806.66	-6261.31
-24686.85	2698.48
-26373.4	9929.55
-28776.73	-14462.15
27511.82	-12037.74
-14820.54	-10119.29