385
193
4
4

90	60	45	30
4	6	8	12

24983201.42
56212203.19
14053050.80
99932805.67

8000

200	244	282	346
300	366	423	519
150	183	212	260
400	488	564	692

17200	29300
40900	44400
3600	18500
47500	64300
50100	64500
40000	65700
40900	68100
42100	68800
43200	68900
44600	69800
45700	70400
46300	73900
37100	69000
35600	65600
32800	65700
34800	67400
33100	68200
30800	63600
29000	67500
38800	70300
39100	69900
38200	70000
37800	70900
38000	68600
38300	67600
37800	65800
37100	64500
37100	63500
36100	67800
40700	70600
46200	74600
62000	66800
64200	68000
61600	72600
59800	74700
65000	73600
70000	70500
71500	73000
70300	73200
73100	76600
66300	76100
67900	77800
68900	78400
68000	78600
71800	80500
65700	78700
66900	80200
68600	81900
12000	48200
14900	48300
18200	40300
22800	43300
23000	40500
23800	40000
22000	44800
24000	45400
21700	47900
19600	55200
22300	57200
25500	58300
26000	57400
28700	59100
28400	59600
30700	59700
31200	60500
33900	61200
34800	60900
34300	62900
29400	57500
31200	56100
29700	55900
28800	54300
27000	55200
27000	53100
25900	53100
24600	54300
24800	52900
20400	52700
23100	50200
25100	48100
26900	47400
26500	44500
24800	43700
25800	41800
25100	39600
27100	39600
29300	40800
27700	42700
29200	44200
28300	46400
31600	40100
32500	40100
33600	41800
36600	40800
34900	42900
33500	43000
36100	44900
34600	45700
31600	42500
30800	44200
32300	44900
30700	48500
27600	49100
29700	49100
29500	50000
30200	53100
33700	52200
34000	54000
36300	56200
35000	56800
37100	58400
38500	58600
39300	59100
40700	58800
41700	60300
43200	61400
43900	62600
39700	62400
37100	61900
36800	62400
39400	55300
36400	54000
36600	51700
30700	50100
34600	47200
36500	46700
39000	47100
38000	43900
35700	48300
36600	49100
39400	44800
37300	42500
39300	48900
41200	46600
41800	48600
39400	42300
38200	41600
39100	40600
42300	42600
42600	45500
43600	48900
44100	47900
44300	49500
42800	50900
40000	52100
41700	57500
43800	60000
44200	58100
42800	56200
43400	55200
42100	53700
43500	52900
44700	52700
44900	56400
45400	58700
46200	59000
47800	60300
49100	63100
50000	62100
49400	61500
48400	58800
47200	57400
47200	56600
46900	55300
48300	53900
45700	54800
46700	52400
45600	51600
48100	49200
46200	47700
45100	47800
47200	48600
44200	45300
46100	46000
48600	47000
49800	48200
50000	47500
49600	44900
47900	43900
47300	43400
47200	40600
49400	42100
49800	43200
47900	39500
50400	39800
50400	41100
19000	42700
30600	46000
52100	39400
51000	44500
50800	53400
50800	55900
52400	48800
51700	50100
52500	54200
51800	54900
52500	59100
51900	61700
52600	52100
53700	56700
53200	60600
53700	39300
54300	50900
54800	54600
55500	51600
55600	53500
55000	56500
55700	39800
55800	50400
56600	52700
58000	53600
58100	54500
57800	56800
58200	58300
59300	55600
58100	60400
60500	59000
61100	57500
61500	61700
62200	59200
3900	15300
5600	16100
2600	17800
1500	18800
4600	18100
5800	18700
8400	18900
8300	20000
5600	19900
4600	20000
3400	20900
3700	21800
2200	26000
5700	22500
5500	24000
7900	21800
8300	23400
6800	24700
9100	25300
9200	24000
10100	23200
12800	24000
10900	25800
11500	26000
12400	26500
13500	25000
12800	27100
9900	28100
6300	27300
7900	27900
9100	30500
8200	29400
14200	28000
14500	30900
13900	31600
10000	31300
13800	32800
15600	33300
16100	27100
18200	28100
20500	28500
22900	28500
22400	30200
20200	31200
18200	31500
18600	29700
49700	29400
50200	31400
46400	35700
47600	30300
46500	30700
46000	30200
45100	30800
44400	30900
25300	29600
24800	32100
21400	31900
22300	33600
19900	32500
15800	35900
19100	37700
16100	38200
23100	37400
23900	36200
24100	34800
25200	33700
25900	32200
26500	32100
26600	37800
27700	36700
25800	35600
27000	34900
26600	34400
28600	32800
26800	33800
42900	31800
41500	32100
42300	33600
41300	37400
49900	28700
40700	32500
30500	33400
30100	34400
29500	37800
29700	36500
29600	39000
31500	35400
31900	37200
31700	34200
33300	34800
33000	32600
33700	38300
34500	37500
34100	34600
34900	35600
36600	38500
36700	35300
39100	38100
24800	36900
23100	32800
28100	34600
38500	33400
61300	15800
60600	17300
59100	17800
61000	19700
61300	22200
60100	23500
56000	25900
54800	27200
58700	27300
57200	28200
54600	28100
54000	28200
53800	28700
54800	29100
51100	28400
52300	35600
52500	37400
53900	37400
56400	36400
57100	37000
56400	39000
52700	38600
50800	38300
73000	27600
77300	28500
83000	30000
59100	38500
2100	14500
4700	13400
3300	11800
4600	11400
3200	10800
0	11500
2800	10100
71600	6000
67700	3600
67800	13800
66400	8700
64300	10900
63800	12400
63700	14500
58700	14500
59300	56700
50900	60400
54600	39700
56200	62200
42400	63100
35100	63800
35400	49900
36300	37100
59400	59900
15900	28100
71400	16000
30900	46600
35300	63300
49300	36000
17300	30800
10200	33400
46600	50100
68100	0
79000	14400
70100	79200
6500	41000
	
52594	75380
70896	66779
20276	45262
10152	75521
28990	3328
41455	3863
37619	1523
66610	30626
22053	72616
73575	65369
8009	78510
68668	19740
36322	69119
25380	77495
29667	37732
68753	20502
79046	56373
22899	38296
46051	47151
40975	13000
42414	53130
53384	73603
72870	9701
29470	75041
32741	79892
50028	32966
52396	36632
54201	20361
43401	37760
26198	66243
35025	45882
37845	50112
2933	31867
24422	65200
27072	49266
73603	49661
7558	71601
20192	67850
54399	73801
51889	58121
77072	21545
75041	48646
12211	54991
42921	23604
16666	60857
21179	12803
12352	53299
65792	4597
82176	33079
8714	39706
69824	73942
72616	24901
64353	68781
13000	34517
50253	8263
13311	55611
16554	63705
67399	3328
77157	5358
16525	45431
5302	41539
43965	16272
6825	37789
55809	42583
4935	79582
37676	71206
60772	65735
58911	25775
10632	56824
26988	73688
69091	41539
25860	50479
48871	59757
75211	13113
71601	37789
4061	2623
82881	80682
37196	73490
10547	73603
29836	54455
73124	17823
18359	2651
75775	37112
11872	5189
58854	28821
71206	65933
50845	62859
1297	63169
27777	53694
52763	74054
36125	68245
73970	77213
67709	48815
60857	19881
76395	28454
23604	19515
3017	2707
32882	6486
67850	1607
69458	29667
22955	68894
22617	55527
62295	733
26367	44472
44275	11139
12888	5950
67145	35533
38381	6148
71093	20276
14692	7812
63677	75493
81133	16215
50479	564
77692	28877
3920	14692
931	35081
76452	11901
11929	60180
36520	19515
26339	9616
21884	32684
63536	4061
2961	49182
67597	75267
43401	64071
75267	17456
53609	48138
33953	45516
80964	32854
23660	80061
40721	79864
1354	6881
14946	32769
45431	55640
67709	64100
47659	40637
62267	44952
18810	31162
7727	76536
80964	64466
38268	23773
2848	27918
70840	1692
25042	70868
23406	24365
62097	9729
62182	32882
5189	3863
50817	45516
16666	47546
8629	338
37845	55414
49830	30739
78623	423
69853	141
73378	34348
69289	8347
73011	47179
47490	18725
59277	30541
28257	56345
3807	71686
62633	45544
1156	62577
38155	423
80625	77918
27947	49520
19938	81076
69965	79723
53694	76141
40270	65059
5612	35589
23068	81528
60885	43683
43711	70501
71009	3638
16920	33615
66356	47208
17541	71460
69458	21461
76536	62408
36407	40778
41003	23181
26001	37168
1269	76480
36802	70501
20840	59926
7473	34884
76564	6317
38183	68104
42442	42808
55950	55809
30428	59108