420
210
4
4

90	60	45	30
4	6	8	12

193220.51
435915.62
108686.54
774441.07

8000

200	244	282	346
300	366	423	519
150	183	212	260
400	488	564	692

577.35	0
288.67	500
-288.68	500
-577.35	0
-288.67	-500
288.68	-500
866.03	500
0	1000
-866.03	500
-866.03	-500
0	-1000
866.03	-500
534.05	75
331.98	425
649.52	-125
721.69	-250
793.86	-375
649.52	125
721.69	250
793.86	375
202.07	500
-202.07	500
433.01	500
577.35	500
721.69	500
216.51	625
144.34	750
72.17	875
-331.98	425
-534.05	75
-216.51	625
-144.34	750
-72.17	875
-433.01	500
-577.35	500
-721.69	500
-534.05	-75
-331.98	-425
-649.52	125
-721.69	250
-793.86	375
-649.52	-125
-721.69	-250
-793.86	-375
-202.07	-500
202.07	-500
-433.01	-500
-577.35	-500
-721.69	-500
-216.51	-625
-144.34	-750
-72.17	-875
331.98	-425
534.05	-75
216.51	-625
144.34	-750
72.17	-875
433.01	-500
577.35	-500
721.69	-500
721.69	0
360.84	625
-360.84	625
-721.69	0
-360.84	-625
360.84	-625
1082.53	625
0	1250
-1082.53	625
-1082.53	-625
0	-1250
1082.53	-625
667.56	93.75
414.97	531.25
811.9	-156.25
902.11	-312.5
992.32	-468.75
811.9	156.25
902.11	312.5
992.32	468.75
252.59	625
-252.59	625
541.27	625
721.69	625
902.11	625
270.63	781.25
180.42	937.5
90.21	1093.75
-414.97	531.25
-667.56	93.75
-270.63	781.25
-180.42	937.5
-90.21	1093.75
-541.27	625
-721.69	625
-902.11	625
-667.56	-93.75
-414.97	-531.25
-811.9	156.25
-902.11	312.5
-992.32	468.75
-811.9	-156.25
-902.11	-312.5
-992.32	-468.75
-252.59	-625
252.59	-625
-541.27	-625
-721.69	-625
-902.11	-625
-270.63	-781.25
-180.42	-937.5
-90.21	-1093.75
414.97	-531.25
667.56	-93.75
270.63	-781.25
180.42	-937.5
90.21	-1093.75
541.27	-625
721.69	-625
902.11	-625
902.11	0
451.05	781.25
-451.05	781.25
-902.11	0
-451.05	-781.25
451.06	-781.25
1353.16	781.25
0	1562.5
-1353.16	781.25
-1353.16	-781.25
0	-1562.5
1353.16	-781.25
834.45	117.19
518.71	664.06
1014.87	-195.31
1127.64	-390.62
1240.4	-585.94
1014.87	195.31
1127.64	390.62
1240.4	585.94
315.74	781.25
-315.74	781.25
676.58	781.25
902.11	781.25
1127.64	781.25
338.29	976.56
225.53	1171.87
112.76	1367.19
-518.71	664.06
-834.45	117.19
-338.29	976.56
-225.53	1171.87
-112.76	1367.19
-676.58	781.25
-902.11	781.25
-1127.64	781.25
-834.45	-117.19
-518.71	-664.06
-1014.87	195.31
-1127.64	390.62
-1240.4	585.94
-1014.87	-195.31
-1127.64	-390.63
-1240.4	-585.94
-315.74	-781.25
315.74	-781.25
-676.58	-781.25
-902.11	-781.25
-1127.64	-781.25
-338.29	-976.56
-225.53	-1171.87
-112.76	-1367.19
518.71	-664.06
834.45	-117.19
338.29	-976.56
225.53	-1171.87
112.76	-1367.19
676.58	-781.25
902.11	-781.25
1127.64	-781.25
1127.64	0
563.82	976.56
-563.82	976.56
-1127.64	0
-563.82	-976.56
563.82	-976.56
1691.46	976.56
0	1953.12
-1691.46	976.56
-1691.46	-976.56
0	-1953.12
1691.46	-976.56
1043.06	146.48
648.39	830.08
1268.59	-244.14
1409.55	-488.28
1550.5	-732.42
1268.59	244.14
1409.55	488.28
1550.5	732.42
394.67	976.56
-394.67	976.56
845.73	976.56
1127.64	976.56
1409.55	976.56
422.86	1220.7
281.91	1464.84
140.95	1708.98
-648.39	830.08
-1043.06	146.48
-422.86	1220.7
-281.91	1464.84
-140.95	1708.98
-845.73	976.56
-1127.64	976.56
-1409.55	976.56
-1043.06	-146.48
-648.39	-830.08
-1268.59	244.14
-1409.55	488.28
-1550.5	732.42
-1268.59	-244.14
-1409.55	-488.28
-1550.5	-732.42
-394.67	-976.56
394.67	-976.56
-845.73	-976.56
-1127.64	-976.56
-1409.55	-976.56
-422.86	-1220.7
-281.91	-1464.84
-140.95	-1708.98
648.39	-830.08
1043.06	-146.48
422.86	-1220.7
281.91	-1464.84
140.95	-1708.98
845.73	-976.56
1127.64	-976.56
1409.55	-976.56
1409.55	0
704.77	1220.7
-704.77	1220.7
-1409.55	0
-704.77	-1220.7
704.77	-1220.7
2114.32	1220.7
0	2441.41
-2114.32	1220.7
-2114.32	-1220.7
0	-2441.41
2114.32	-1220.7
1303.83	183.11
810.49	1037.6
1585.74	-305.18
1761.93	-610.35
1938.13	-915.53
1585.74	305.18
1761.93	610.35
1938.13	915.53
493.34	1220.7
-493.34	1220.7
1057.16	1220.7
1409.55	1220.7
1761.93	1220.7
528.58	1525.88
352.39	1831.05
176.19	2136.23
-810.49	1037.6
-1303.83	183.11
-528.58	1525.88
-352.39	1831.05
-176.19	2136.23
-1057.16	1220.7
-1409.55	1220.7
-1761.93	1220.7
-1303.83	-183.11
-810.49	-1037.6
-1585.74	305.18
-1761.93	610.35
-1938.13	915.53
-1585.74	-305.18
-1761.93	-610.35
-1938.13	-915.53
-493.34	-1220.7
493.34	-1220.7
-1057.16	-1220.7
-1409.55	-1220.7
-1761.93	-1220.7
-528.58	-1525.88
-352.39	-1831.05
-176.19	-2136.23
810.49	-1037.6
1303.83	-183.11
528.58	-1525.88
352.39	-1831.05
176.19	-2136.23
1057.16	-1220.7
1409.55	-1220.7
1761.93	-1220.7
1761.93	0
880.97	1525.88
-880.97	1525.88
-1761.93	0
-880.97	-1525.88
880.97	-1525.88
2642.9	1525.88
0	3051.76
-2642.9	1525.88
-2642.9	-1525.88
0	-3051.76
2642.9	-1525.88
1629.79	228.88
1013.11	1297
1982.17	-381.47
2202.42	-762.94
2422.66	-1144.41
1982.17	381.47
2202.42	762.94
2422.66	1144.41
616.68	1525.88
-616.68	1525.88
1321.45	1525.88
1761.93	1525.88
2202.42	1525.88
660.72	1907.35
440.48	2288.82
220.24	2670.29
-1013.11	1297
-1629.79	228.88
-660.72	1907.35
-440.48	2288.82
-220.24	2670.29
-1321.45	1525.88
-1761.93	1525.88
-2202.42	1525.88
-1629.79	-228.88
-1013.11	-1297
-1982.17	381.47
-2202.42	762.94
-2422.66	1144.41
-1982.17	-381.47
-2202.42	-762.94
-2422.66	-1144.41
-616.68	-1525.88
616.68	-1525.88
-1321.45	-1525.88
-1761.93	-1525.88
-2202.42	-1525.88
-660.72	-1907.35
-440.48	-2288.82
-220.24	-2670.29
1013.11	-1297
1629.79	-228.88
660.73	-1907.35
440.48	-2288.82
220.24	-2670.29
1321.45	-1525.88
1761.93	-1525.88
2202.42	-1525.88
2202.42	0
1101.21	1907.35
-1101.21	1907.35
-2202.42	0
-1101.21	-1907.35
1101.21	-1907.35
3303.62	1907.35
0	3814.7
-3303.62	1907.35
-3303.62	-1907.35
0	-3814.7
3303.63	-1907.35
2037.23	286.1
1266.39	1621.25
2477.72	-476.84
2753.02	-953.67
3028.32	-1430.51
2477.72	476.84
2753.02	953.67
3028.32	1430.51
770.85	1907.35
-770.85	1907.35
1651.81	1907.35
2202.42	1907.35
2753.02	1907.35
825.91	2384.19
550.6	2861.02
275.3	3337.86
-1266.39	1621.25
-2037.23	286.1
-825.91	2384.19
-550.6	2861.02
-275.3	3337.86
-1651.81	1907.35
-2202.42	1907.35
-2753.02	1907.35
-2037.23	-286.1
-1266.39	-1621.25
-2477.72	476.84
-2753.02	953.67
-3028.32	1430.51
-2477.72	-476.84
-2753.02	-953.67
-3028.32	-1430.51
-770.85	-1907.35
770.85	-1907.35
-1651.81	-1907.35
-2202.42	-1907.35
-2753.02	-1907.35
-825.91	-2384.19
-550.6	-2861.02
-275.3	-3337.86
1266.39	-1621.25
2037.23	-286.1
825.91	-2384.18
550.6	-2861.02
275.3	-3337.86
1651.81	-1907.35
2202.42	-1907.35
2753.02	-1907.35

-2293.22	-774.34
12.41	-215.92
1238.44	218.4
273	-3191.65
-1578.45	1665.32
4.96	-2265.92
-779.3	-1414.65
47.16	335.05
-2834.27	-387.17
-397.1	2.48
1499.03	-1970.58
1034.93	307.75
-2958.36	2315.56
-451.7	1600.79
1131.72	2253.51
1796.86	1144.13
-94.31	-1248.37
-416.95	1489.11
-1002.66	1104.42
-1970.58	-2598.49
-747.04	2695.28
2323.01	-876.09
-2764.77	-3174.28
-3159.39	-1064.71
-3032.81	-2888.87
2931.06	3422.46
595.64	3477.06
-2603.45	-424.4
1074.64	-2461.99
-858.72	2352.79
1436.99	37.23
-2752.37	3189.17
2417.32	-2327.97
2045.04	-980.33
-407.02	1005.15
2347.82	3397.64
-213.44	-22.34
660.17	-3060.11
245.7	-3050.19
-2938.5	-260.59
-2303.15	2447.1
-1496.55	-2196.43
3142.01	-2466.95
1226.03	3092.38
-2558.78	2030.15
-2789.59	-749.52
-1298	-2169.13
-2504.18	1975.55
-173.73	-967.92
1950.73	-220.88
-205.99	3479.55
-828.94	-1769.55
-1834.08	367.31
2784.63	801.64
1307.93	-2645.65
890.98	-821.49
-2414.83	851.27
-1752.18	-1541.23
1628.09	3812.11
843.83	3323.19
-975.36	476.51
-2797.04	1499.03
3092.38	-3236.32
372.28	2660.54
1737.29	-1580.93
-1317.86	3057.63
3119.68	-3737.66
2251.03	-188.62
1913.5	-3161.87
-2980.69	-3328.15
1134.2	-1997.88
2943.47	-2866.53
-2377.61	3486.99
332.57	-2613.38
-2126.94	1089.53
-796.67	-104.24
-833.9	-3434.87
930.69	-1203.69
-714.77	-1414.65
-2337.9	657.69
-2226.21	-3668.17
-2305.63	3092.38
-908.35	1312.9
2444.62	1491.59
-1441.95	-2973.25
-2958.36	1722.4
449.21	1940.8
-3099.82	1000.18
-948.06	-2226.21
595.64	1298
-1546.19	-436.8
1896.13	-469.07
-1355.09	3236.32
1250.85	-997.7
2581.12	2119.49
3070.04	-761.93
1791.89	2213.8
2474.4	2315.56
250.67	915.8
-630.39	69.49
-1930.87	2675.43
972.88	2789.59
191.1	-2819.37
-1394.8	-2424.76
-2988.14	1436.99
-2998.07	-1861.38
-2888.87	-1861.38
2429.73	-3782.33
-158.84	-3419.98
-2878.94	1136.68
2811.93	615.5
-2578.64	-1270.7
-861.2	3447.28
-2710.17	-1022.52
-677.54	1799.34
709.81	-2275.85
-426.88	1206.18
2409.87	-2886.38
-2707.69	853.75
2655.57	851.27
-692.43	2774.7
-1645.46	-508.78
1434.51	1034.93
-1548.67	-2648.13
2543.89	-3171.8
804.12	1419.61
1181.36	-1258.29
2859.08	1920.95
682.51	-282.93
-2568.71	-2675.43
19.85	3526.7
-434.32	-1168.95
-1365.01	-474.03
-2898.79	-1844.01
-2434.69	3194.13
-2394.98	295.34
2198.91	-987.77
-1950.73	3794.74
2762.29	-325.12
-2993.1	-1705.03
-3226.4	-2067.38
-1853.94	1397.28
2211.32	-677.54
-2442.13	1901.09
-3127.12	1568.53
1630.57	2246.07
300.3	-3003.03
488.92	-732.14
-3300.85	-1992.92
-469.07	-1039.89
-1489.11	-1521.37
-1002.66	-3003.03
1769.55	1320.34
496.37	1551.15
-1290.56	881.05
-2695.28	2481.84
2119.49	699.88
2298.19	-647.76
-201.03	-2318.04
2385.05	-446.73
-1772.04	1593.34
1633.05	-2057.45
-1240.92	34.75
3084.93	3526.7
-759.44	1901.09
-57.08	-1533.78
1739.77	-1608.23
-883.54	-3278.52
466.59	-3536.63
2856.6	2392.5
-781.78	-3668.17
-2968.29	59.56
-881.05	-1608.23
1350.12	3328.15
1049.82	943.1
2193.95	292.86
702.36	3204.06
1360.05	2313.08
129.06	-791.71
1613.2	1054.78
1355.09	-2260.96
-2672.95	-335.05
2218.77	2434.69
-1777	2427.24
2658.05	461.62
384.69	210.96
2099.64	-3797.22
173.73	-2166.65
-930.69	-168.77
3050.19	-148.91
714.77	-2419.8
1496.55	1469.25
-2040.08	-1044.86
1340.2	913.32
1144.13	-2427.24
-1933.36	3695.47
3213.99	-377.24
-3020.4	2129.42
-392.13	-243.22
-332.57	3568.89
-776.82	1985.48
2955.88	1459.32
2141.83	-1201.21
888.5	-2901.28
-1613.2	24.82
-1422.1	-2615.86
2955.88	-1092.01
-3298.37	-570.82
-136.5	2380.09
-315.19	-2251.03