480
96
4
2

90	60	45	30
4	6	8	12

15081155.84
33932600.65

8000

200	244	282	346
300	366	423	519

3000	0
2963.06	469.3
2853.17	927.05
2673.02	1361.97
2427.05	1763.36
2121.32	2121.32
1763.36	2427.05
1361.97	2673.02
927.05	2853.17
469.3	2963.06
0	3000
-469.3	2963.06
-927.05	2853.17
-1361.97	2673.02
-1763.36	2427.05
-2121.32	2121.32
-2427.05	1763.36
-2673.02	1361.97
-2853.17	927.05
-2963.07	469.3
-3000	0
-2963.06	-469.3
-2853.17	-927.05
-2673.02	-1361.97
-2427.05	-1763.36
-2121.32	-2121.32
-1763.36	-2427.05
-1361.97	-2673.02
-927.05	-2853.17
-469.3	-2963.07
0	-3000
469.3	-2963.06
927.05	-2853.17
1361.97	-2673.02
1763.36	-2427.05
2121.32	-2121.32
2427.05	-1763.36
2673.02	-1361.97
2853.17	-927.05
2963.07	-469.3
6000	0
5926.13	938.61
5706.34	1854.1
5346.04	2723.94
4854.1	3526.71
4242.64	4242.64
3526.71	4854.1
2723.94	5346.04
1854.1	5706.34
938.61	5926.13
0	6000
-938.61	5926.13
-1854.1	5706.34
-2723.94	5346.04
-3526.71	4854.1
-4242.64	4242.64
-4854.1	3526.71
-5346.04	2723.94
-5706.34	1854.1
-5926.13	938.61
-6000	0
-5926.13	-938.61
-5706.34	-1854.1
-5346.04	-2723.94
-4854.1	-3526.71
-4242.64	-4242.64
-3526.71	-4854.1
-2723.94	-5346.04
-1854.1	-5706.34
-938.61	-5926.13
0	-6000
938.61	-5926.13
1854.1	-5706.34
2723.94	-5346.04
3526.71	-4854.1
4242.64	-4242.64
4854.1	-3526.71
5346.04	-2723.94
5706.34	-1854.1
5926.13	-938.61
9000	0
8889.2	1407.91
8559.51	2781.15
8019.06	4085.91
7281.15	5290.07
6363.96	6363.96
5290.07	7281.15
4085.91	8019.06
2781.15	8559.51
1407.91	8889.2
0	9000
-1407.91	8889.2
-2781.15	8559.51
-4085.91	8019.06
-5290.07	7281.15
-6363.96	6363.96
-7281.15	5290.07
-8019.06	4085.91
-8559.51	2781.15
-8889.2	1407.91
-9000	0
-8889.2	-1407.91
-8559.51	-2781.15
-8019.06	-4085.92
-7281.15	-5290.07
-6363.96	-6363.96
-5290.07	-7281.15
-4085.91	-8019.06
-2781.15	-8559.51
-1407.91	-8889.2
0	-9000
1407.91	-8889.2
2781.15	-8559.51
4085.92	-8019.06
5290.07	-7281.15
6363.96	-6363.96
7281.15	-5290.07
8019.06	-4085.91
8559.51	-2781.15
8889.2	-1407.91
12000	0
11852.26	1877.21
11412.68	3708.2
10692.08	5447.89
9708.2	7053.42
8485.28	8485.28
7053.42	9708.2
5447.89	10692.08
3708.2	11412.68
1877.21	11852.26
0	12000
-1877.21	11852.26
-3708.2	11412.68
-5447.89	10692.08
-7053.42	9708.2
-8485.28	8485.28
-9708.2	7053.42
-10692.08	5447.89
-11412.68	3708.2
-11852.26	1877.21
-12000	0
-11852.26	-1877.21
-11412.68	-3708.21
-10692.08	-5447.89
-9708.2	-7053.42
-8485.28	-8485.28
-7053.42	-9708.2
-5447.88	-10692.08
-3708.2	-11412.68
-1877.21	-11852.26
0	-12000
1877.22	-11852.26
3708.21	-11412.68
5447.89	-10692.08
7053.42	-9708.2
8485.28	-8485.28
9708.21	-7053.42
10692.08	-5447.88
11412.68	-3708.2
11852.26	-1877.21
15000	0
14815.32	2346.52
14265.85	4635.26
13365.1	6809.86
12135.25	8816.78
10606.6	10606.6
8816.78	12135.26
6809.86	13365.1
4635.25	14265.85
2346.52	14815.33
0	15000
-2346.52	14815.32
-4635.26	14265.85
-6809.86	13365.1
-8816.78	12135.25
-10606.6	10606.6
-12135.26	8816.78
-13365.1	6809.86
-14265.85	4635.25
-14815.33	2346.52
-15000	0
-14815.32	-2346.52
-14265.85	-4635.26
-13365.1	-6809.86
-12135.25	-8816.78
-10606.6	-10606.6
-8816.78	-12135.26
-6809.86	-13365.1
-4635.25	-14265.85
-2346.52	-14815.33
0	-15000
2346.52	-14815.32
4635.26	-14265.85
6809.86	-13365.1
8816.78	-12135.25
10606.6	-10606.6
12135.26	-8816.78
13365.1	-6809.86
14265.85	-4635.25
14815.33	-2346.51
18000	0
17778.39	2815.82
17119.02	5562.31
16038.12	8171.83
14562.31	10580.13
12727.92	12727.92
10580.13	14562.31
8171.83	16038.12
5562.31	17119.02
2815.82	17778.39
0	18000
-2815.82	17778.39
-5562.31	17119.02
-8171.83	16038.12
-10580.14	14562.3
-12727.92	12727.92
-14562.31	10580.13
-16038.12	8171.83
-17119.02	5562.3
-17778.39	2815.82
-18000	0
-17778.39	-2815.82
-17119.02	-5562.31
-16038.12	-8171.83
-14562.3	-10580.14
-12727.92	-12727.92
-10580.13	-14562.31
-8171.83	-16038.12
-5562.3	-17119.02
-2815.82	-17778.39
0	-18000
2815.82	-17778.39
5562.31	-17119.02
8171.83	-16038.12
10580.14	-14562.3
12727.92	-12727.92
14562.31	-10580.13
16038.12	-8171.83
17119.02	-5562.3
17778.39	-2815.82
21000	0
20741.46	3285.12
19972.19	6489.36
18711.14	9533.8
16989.36	12343.49
14849.24	14849.24
12343.49	16989.36
9533.8	18711.14
6489.36	19972.19
3285.12	20741.46
0	21000
-3285.12	20741.46
-6489.36	19972.19
-9533.8	18711.14
-12343.49	16989.36
-14849.24	14849.24
-16989.36	12343.49
-18711.14	9533.8
-19972.19	6489.36
-20741.46	3285.12
-21000	0
-20741.46	-3285.13
-19972.19	-6489.36
-18711.14	-9533.8
-16989.36	-12343.49
-14849.24	-14849.24
-12343.49	-16989.36
-9533.8	-18711.14
-6489.35	-19972.19
-3285.12	-20741.46
0	-21000
3285.13	-20741.46
6489.36	-19972.19
9533.8	-18711.14
12343.49	-16989.36
14849.24	-14849.24
16989.36	-12343.49
18711.14	-9533.8
19972.19	-6489.35
20741.46	-3285.12
24000	0
23704.52	3754.43
22825.36	7416.41
21384.16	10895.77
19416.41	14106.85
16970.56	16970.56
14106.85	19416.41
10895.77	21384.16
7416.41	22825.36
3754.43	23704.52
0	24000
-3754.43	23704.52
-7416.41	22825.36
-10895.77	21384.16
-14106.85	19416.41
-16970.56	16970.56
-19416.41	14106.85
-21384.16	10895.77
-22825.36	7416.41
-23704.52	3754.43
-24000	0
-23704.52	-3754.43
-22825.36	-7416.41
-21384.16	-10895.77
-19416.41	-14106.85
-16970.56	-16970.56
-14106.84	-19416.41
-10895.77	-21384.16
-7416.4	-22825.36
-3754.42	-23704.52
0	-24000
3754.43	-23704.52
7416.41	-22825.36
10895.77	-21384.16
14106.85	-19416.41
16970.57	-16970.56
19416.41	-14106.84
21384.16	-10895.77
22825.36	-7416.4
23704.52	-3754.42
27000	0
26667.58	4223.73
25678.52	8343.46
24057.18	12257.74
21843.46	15870.2
19091.88	19091.88
15870.2	21843.46
12257.74	24057.18
8343.46	25678.52
4223.73	26667.58
0	27000
-4223.73	26667.58
-8343.46	25678.52
-12257.74	24057.18
-15870.2	21843.46
-19091.88	19091.88
-21843.46	15870.2
-24057.18	12257.74
-25678.53	8343.46
-26667.58	4223.73
-27000	0
-26667.58	-4223.73
-25678.52	-8343.46
-24057.17	-12257.75
-21843.46	-15870.2
-19091.88	-19091.89
-15870.2	-21843.46
-12257.74	-24057.18
-8343.46	-25678.53
-4223.73	-26667.58
0	-27000
4223.73	-26667.58
8343.46	-25678.52
12257.75	-24057.17
15870.21	-21843.46
19091.89	-19091.88
21843.46	-15870.2
24057.18	-12257.74
25678.53	-8343.45
26667.59	-4223.73
30000	0
29630.65	4693.03
28531.7	9270.51
26730.19	13619.72
24270.51	17633.56
21213.2	21213.2
17633.56	24270.51
13619.71	26730.2
9270.51	28531.7
4693.03	29630.65
0	30000
-4693.04	29630.65
-9270.51	28531.7
-13619.72	26730.19
-17633.56	24270.51
-21213.2	21213.2
-24270.51	17633.56
-26730.2	13619.71
-28531.7	9270.51
-29630.65	4693.03
-30000	0
-29630.65	-4693.04
-28531.7	-9270.51
-26730.19	-13619.72
-24270.51	-17633.56
-21213.2	-21213.21
-17633.55	-24270.51
-13619.71	-26730.2
-9270.51	-28531.7
-4693.03	-29630.65
0	-30000
4693.04	-29630.65
9270.51	-28531.7
13619.72	-26730.19
17633.56	-24270.51
21213.21	-21213.2
24270.51	-17633.55
26730.2	-13619.71
28531.7	-9270.5
29630.65	-4693.03
33000	0
32593.72	5162.34
31384.87	10197.56
29403.22	14981.69
26697.56	19396.91
23334.52	23334.52
19396.91	26697.56
14981.68	29403.22
10197.56	31384.87
5162.34	32593.72
0	33000
-5162.34	32593.72
-10197.56	31384.86
-14981.69	29403.21
-19396.91	26697.56
-23334.53	23334.52
-26697.56	19396.91
-29403.22	14981.68
-31384.87	10197.56
-32593.72	5162.33
-33000	0
-32593.71	-5162.34
-31384.86	-10197.56
-29403.21	-14981.69
-26697.56	-19396.92
-23334.52	-23334.53
-19396.91	-26697.56
-14981.68	-29403.22
-10197.56	-31384.87
-5162.33	-32593.72
0	-33000
5162.34	-32593.71
10197.57	-31384.86
14981.69	-29403.21
19396.92	-26697.56
23334.53	-23334.52
26697.56	-19396.91
29403.22	-14981.68
31384.87	-10197.56
32593.72	-5162.33
36000	0
35556.78	5631.64
34238.03	11124.61
32076.24	16343.66
29124.61	21160.27
25455.84	25455.84
21160.27	29124.61
16343.66	32076.24
11124.61	34238.03
5631.64	35556.78
0	36000
-5631.64	35556.78
-11124.61	34238.03
-16343.66	32076.23
-21160.27	29124.61
-25455.85	25455.84
-29124.61	21160.27
-32076.24	16343.66
-34238.03	11124.61
-35556.78	5631.64
-36000	0
-35556.78	-5631.64
-34238.03	-11124.61
-32076.23	-16343.66
-29124.61	-21160.27
-25455.84	-25455.85
-21160.27	-29124.62
-16343.65	-32076.24
-11124.61	-34238.04
-5631.64	-35556.78
0	-36000
5631.65	-35556.78
11124.62	-34238.03
16343.66	-32076.23
21160.27	-29124.61
25455.85	-25455.84
29124.62	-21160.26
32076.24	-16343.65
34238.04	-11124.61
35556.78	-5631.63

14262.7	21251.64
24077.88	-15117.14
29073.11	32030.82
-29204.57	-18118.66
-16409.77	35273.33
-35930.6	27451.85
-20090.46	-16672.67
28131.03	-14021.7
-25830.6	9924.73
-24625.61	2497.61
-8040.57	25085.69
-22390.9	-22894.8
-26750.77	18469.2
3877.88	-13890.24
16365.95	6046.86
-21032.55	-31767.91
18688.29	14547.51
-29620.84	-29401.75
-23332.98	29226.48
12400.44	-22741.44
19038.84	-4491.32
-6988.94	17286.12
32644.26	591.54
22916.71	35273.33
-1993.71	-17614.76
-23530.16	-23683.52
4798.05	6967.03
-11107.81	-17833.85
15993.5	25260.96
17855.76	-547.72
-5214.32	11304.99
-6222.13	-12685.25
-15993.5	10669.64
-23902.61	-18754.02
-29292.2	3373.97
33016.72	35974.42
-25786.78	-33104.35
-898.26	10582
14065.52	-26663.13
-438.18	2322.34
-19893.28	20221.92
-9793.28	-7777.66
-6287.85	21.91
-482	-32052.72
28131.03	-24275.06
28854.02	-34134.07
1095.45	22544.26
-28152.94	-4973.32
4929.5	-438.18
-21076.36	7120.39
-18337.75	-22500.44
32468.99	7690.02
10538.18	-2190.89
-23793.07	26575.5
-15730.59	-9311.28
13386.34	-9837.1
-33652.07	-10406.73
11239.27	22631.9
2103.25	-7229.94
-15993.5	33235.8
-4995.23	23289.16
35119.97	13254.89
-20112.37	-28087.21
-16672.67	3877.88
28131.03	-31483.09
28152.94	-15029.51
23946.43	7887.2
-1840.35	-8281.57
-20879.18	-7229.94
-14043.61	35623.88
-6726.03	-3614.97
15796.32	-35755.33
-17220.4	20353.37
-5214.32	32468.99
-2519.52	1095.45
21799.36	-4754.23
-16387.86	32359.45
-29138.84	8128.2
23968.34	-33783.53
-766.81	33542.53
21032.55	-31570.73
-18425.39	5477.23
-19959.01	31176.37
-18951.2	10384.82
-26904.13	34966.61
31702.18	34177.89
29138.84	18184.39
13189.16	-21974.63
33038.62	-11765.08
-23464.43	-26071.59
33082.44	-1270.72
23486.34	22127.99
31329.73	-10231.46
32578.54	-15423.87
1095.45	-7580.48
-15489.59	-12794.8