483
242
4
2

90	60	45	30
4	6	8	12

51070.52
114608.44

8000

200	244	282	346
300	366	423	519

-100	-2000
100	-2000
-200	-1900
0	-1900
200	-1900
-300	-1800
-100	-1800
100	-1800
300	-1800
-400	-1700
-200	-1700
0	-1700
200	-1700
400	-1700
-500	-1600
-300	-1600
-100	-1600
100	-1600
300	-1600
500	-1600
-600	-1500
-400	-1500
-200	-1500
0	-1500
200	-1500
400	-1500
600	-1500
-700	-1400
-500	-1400
-300	-1400
-100	-1400
100	-1400
300	-1400
500	-1400
700	-1400
-800	-1300
-600	-1300
-400	-1300
-200	-1300
0	-1300
200	-1300
400	-1300
600	-1300
800	-1300
-900	-1200
-700	-1200
-500	-1200
-300	-1200
-100	-1200
100	-1200
300	-1200
500	-1200
700	-1200
900	-1200
-1000	-1100
-800	-1100
-600	-1100
-400	-1100
-200	-1100
0	-1100
200	-1100
400	-1100
600	-1100
800	-1100
1000	-1100
-1100	-1000
-900	-1000
-700	-1000
-500	-1000
-300	-1000
-100	-1000
100	-1000
300	-1000
500	-1000
700	-1000
900	-1000
1100	-1000
-1200	-900
-1000	-900
-800	-900
-600	-900
-400	-900
-200	-900
0	-900
200	-900
400	-900
600	-900
800	-900
1000	-900
1200	-900
-1300	-800
-1100	-800
-900	-800
-700	-800
-500	-800
-300	-800
-100	-800
100	-800
300	-800
500	-800
700	-800
900	-800
1100	-800
1300	-800
-1400	-700
-1200	-700
-1000	-700
-800	-700
-600	-700
-400	-700
-200	-700
0	-700
200	-700
400	-700
600	-700
800	-700
1000	-700
1200	-700
1400	-700
-1500	-600
-1300	-600
-1100	-600
-900	-600
-700	-600
-500	-600
-300	-600
-100	-600
100	-600
300	-600
500	-600
700	-600
900	-600
1100	-600
1300	-600
1500	-600
-1600	-500
-1400	-500
-1200	-500
-1000	-500
-800	-500
-600	-500
-400	-500
-200	-500
0	-500
200	-500
400	-500
600	-500
800	-500
1000	-500
1200	-500
1400	-500
1600	-500
-1700	-400
-1500	-400
-1300	-400
-1100	-400
-900	-400
-700	-400
-500	-400
-300	-400
-100	-400
100	-400
300	-400
500	-400
700	-400
900	-400
1100	-400
1300	-400
1500	-400
1700	-400
-1800	-300
-1600	-300
-1400	-300
-1200	-300
-1000	-300
-800	-300
-600	-300
-400	-300
-200	-300
0	-300
200	-300
400	-300
600	-300
800	-300
1000	-300
1200	-300
1400	-300
1600	-300
1800	-300
-1900	-200
-1700	-200
-1500	-200
-1300	-200
-1100	-200
-900	-200
-700	-200
-500	-200
-300	-200
-100	-200
100	-200
300	-200
500	-200
700	-200
900	-200
1100	-200
1300	-200
1500	-200
1700	-200
1900	-200
-2000	-100
-1800	-100
-1600	-100
-1400	-100
-1200	-100
-1000	-100
-800	-100
-600	-100
-400	-100
-200	-100
0	-100
200	-100
400	-100
600	-100
800	-100
1000	-100
1200	-100
1400	-100
1600	-100
1800	-100
2000	-100
-2100	0
-1900	0
-1700	0
-1500	0
-1300	0
-1100	0
-900	0
-700	0
-500	0
-300	0
-100	0
100	0
300	0
500	0
700	0
900	0
1100	0
1300	0
1500	0
1700	0
1900	0
2100	0
-2000	100
-1800	100
-1600	100
-1400	100
-1200	100
-1000	100
-800	100
-600	100
-400	100
-200	100
0	100
200	100
400	100
600	100
800	100
1000	100
1200	100
1400	100
1600	100
1800	100
2000	100
-1900	200
-1700	200
-1500	200
-1300	200
-1100	200
-900	200
-700	200
-500	200
-300	200
-100	200
100	200
300	200
500	200
700	200
900	200
1100	200
1300	200
1500	200
1700	200
1900	200
-1800	300
-1600	300
-1400	300
-1200	300
-1000	300
-800	300
-600	300
-400	300
-200	300
0	300
200	300
400	300
600	300
800	300
1000	300
1200	300
1400	300
1600	300
1800	300
-1700	400
-1500	400
-1300	400
-1100	400
-900	400
-700	400
-500	400
-300	400
-100	400
100	400
300	400
500	400
700	400
900	400
1100	400
1300	400
1500	400
1700	400
-1600	500
-1400	500
-1200	500
-1000	500
-800	500
-600	500
-400	500
-200	500
0	500
200	500
400	500
600	500
800	500
1000	500
1200	500
1400	500
1600	500
-1500	600
-1300	600
-1100	600
-900	600
-700	600
-500	600
-300	600
-100	600
100	600
300	600
500	600
700	600
900	600
1100	600
1300	600
1500	600
-1400	700
-1200	700
-1000	700
-800	700
-600	700
-400	700
-200	700
0	700
200	700
400	700
600	700
800	700
1000	700
1200	700
1400	700
-1300	800
-1100	800
-900	800
-700	800
-500	800
-300	800
-100	800
100	800
300	800
500	800
700	800
900	800
1100	800
1300	800
-1200	900
-1000	900
-800	900
-600	900
-400	900
-200	900
0	900
200	900
400	900
600	900
800	900
1000	900
1200	900
-1100	1000
-900	1000
-700	1000
-500	1000
-300	1000
-100	1000
100	1000
300	1000
500	1000
700	1000
900	1000
1100	1000
-1000	1100
-800	1100
-600	1100
-400	1100
-200	1100
0	1100
200	1100
400	1100
600	1100
800	1100
1000	1100
-900	1200
-700	1200
-500	1200
-300	1200
-100	1200
100	1200
300	1200
500	1200
700	1200
900	1200
-800	1300
-600	1300
-400	1300
-200	1300
0	1300
200	1300
400	1300
600	1300
800	1300
-700	1400
-500	1400
-300	1400
-100	1400
100	1400
300	1400
500	1400
700	1400
-600	1500
-400	1500
-200	1500
0	1500
200	1500
400	1500
600	1500
-500	1600
-300	1600
-100	1600
100	1600
300	1600
500	1600
-400	1700
-200	1700
0	1700
200	1700
400	1700
-300	1800
-100	1800
100	1800
300	1800
-200	1900
0	1900
200	1900
-100	2000
100	2000
0	2100

1561.98	-941.52
1612.94	-1944.19
1033.25	1248.56
-1658.81	-1769.65
974.64	-602.62
1712.32	1468.97
1889.41	-606.44
-1389.98	1318.64
1768.37	1244.74
-1412.91	-643.39
1253.66	-189.83
-952.98	713.46
-463.75	1267.67
-481.59	-1569.62
575.87	-1596.38
271.37	1409.09
1019.24	-916.04
-382.21	1774.74
1387.43	742.77
1358.13	-1039.62
67.52	-1280.41
-1373.42	456.11
-714.74	1312.27
1935.27	-271.37
1093.13	1782.39
1272.77	-1556.88
-1481.71	-303.22
-143.97	-1263.85
-233.15	-737.67
1017.96	-601.35
-191.11	956.81
-819.21	-1051.09
-839.6	1746.71
1095.68	-1616.76
-758.06	-43.32
1355.58	1257.48
1465.15	366.92
-1628.23	-1675.37
1505.92	-1582.36
345.27	1286.78
233.15	1337.75
-1489.36	-967
-1401.45	-335.07
-1219.26	1150.46
807.74	1344.12
-1296.98	1558.16
12.74	-1570.9
-17.84	347.81
1381.06	-1339.02
1307.17	1570.9
868.9	-1634.6
-182.19	675.24
22.93	797.55
-479.04	1049.81
1386.16	-1875.39
-1703.4	-1188.68
623.01	-1012.87
1181.04	-1133.9
468.85	624.28
-1954.38	626.83
2007.89	-1983.69
0	-1011.59
70.07	-142.69
1099.5	1303.35
707.09	560.58
-1689.38	-57.33
481.59	200.02
-541.47	-1044.72
-810.29	-121.03
-1135.17	-1495.73
973.37	191.11
1819.33	-1844.82
-1689.38	1540.32
42.04	1522.48
1130.08	-1702.12
-1690.66	-838.32
-1457.51	926.23
-2020.63	-755.51
-885.46	1289.33
1525.03	-295.58
240.79	-177.09
-524.91	-327.43
2000.25	1267.67
558.03	-1196.33
-898.2	351.64
-2000.25	1480.44
504.52	847.24
-1573.44	459.93
537.65	1402.72
449.74	-1956.93
128.68	1904.7
1982.41	1058.73
779.71	1368.32
1773.47	386.04
1210.34	1000.12
-1407.82	44.59
2032.1	-63.7
1698.3	391.13
554.21	-1347.94
-1619.31	1140.27
173.27	1582.36
1677.92	-1843.54
-1953.11	-662.5
724.93	1835.9
1047.26	586.06
1681.74	290.48
1081.66	-238.25
-1528.85	-1649.89
1060	485.41
1381.06	1651.16
1031.98	386.04
-34.4	-514.71
-118.49	-284.11
1062.55	-1089.31
189.83	640.84
1368.32	-1156.83
-726.21	1730.15
1038.35	1550.51
-249.71	965.73
-1810.42	-554.21
-1646.06	995.03
-1271.5	1802.77
1159.38	1177.22
1598.93	1502.1
-424.26	839.6
-2052.49	-468.85
1934	-923.68
-2088.16	-1511.02
-826.85	-1819.33
1451.14	-1169.57
453.56	25.48
-1497	1410.37
-1090.58	1256.21
-984.84	-206.4
-761.88	405.15
1110.97	1514.84
1396.35	243.34
1443.49	-504.52
-902.02	1132.63
-123.58	838.32
1110.97	1215.44
1256.21	475.22
1077.84	-672.7
666.33	-1800.22
45.87	296.85
-1460.05	-1215.44
-1835.9	277.74
-1969.67	1676.64
1257.48	1652.44
600.07	-1665.18
638.3	738.95
1257.48	-354.18
354.18	366.92
-1635.87	-975.92
1240.92	1389.98
421.71	-1865.2
-835.77	1458.78
-96.83	1040.89
889.28	-1690.66
257.36	-1082.94
-940.24	-1253.66
793.73	1169.57
-1825.71	-1959.48
1193.78	-587.33
159.26	-721.11
993.75	90.46
-921.13	843.42
1319.91	-143.97
1377.24	-871.45
639.57	-582.24
-1350.49	-1077.84
-1429.48	-528.73
477.77	308.32
532.55	607.72
1504.65	1670.27
-350.36	-558.03
-1872.84	-1601.47
-521.08	-1244.74
-1295.7	1407.82
1234.55	1038.35
593.7	-1801.5
137.6	-969.55
616.64	129.95
-816.66	39.5
1577.27	-352.91
1150.46	1746.71
952.98	826.85
631.93	1513.56
-2108.54	924.96
-1453.68	-309.59
-1643.52	-1239.64
-1247.29	-1705.95
-1303.35	967
-1419.29	1364.5
-1279.14	-392.41
1876.67	-329.98
649.76	544.02
584.79	-756.78
-1109.69	1217.99
-175.82	-71.35
1888.13	-629.38
1690.66	570.77
-1189.96	1519.93
-1816.79	16.56
-1998.98	-608.99
-597.53	-1996.43
1406.54	-1671.55
-91.73	-1941.64
-1903.42	-680.34
1391.26	454.83
-763.15	-1665.18
1727.6	796.28
1074.02	-918.59
-1765.83	-417.89
-1373.42	-1109.69
1116.06	1168.3
-1573.44	1285.51
1257.48	679.07
-2063.95	-684.16
1838.45	-1147.91
1936.55	1717.41
879.09	513.44
788.63	993.75
1411.64	677.79
-2034.65	-569.5
-1498.28	731.3
-1314.81	-364.38
-798.83	-1519.93
-110.84	115.94
1973.49	-1553.06
-1619.31	-504.52
1374.69	-140.14
1934	1689.38
-1770.92	394.95
435.72	471.4
1457.51	847.24
-229.33	803.92
-1517.39	-459.93
863.8	1823.16
851.06	1066.37
1095.68	498.15
-1457.51	558.03